3724
4078
4145
4233
4243
4448
4650
4744
4773
4779
4798
4974
4983
5014
5153
5212
5221
5299
5370
5377
5456
5489
5511
5543
5547
5570
5622
5672
5728
5791
5793
5796
5804
5810
5813
5819
5850
5851
5884
6034
6037
6117
6182
6201
6348
6369
6445
6484
6591
6633
6638
6666
6671
6772
6785
6829
6859
6902
6908
6927
6933
6963
7008
7052
7124
7125
7158
7239
7245
7304
7361
7460
7513
7527
7540
7541
7591
7607
7754
7784
7801
7823
7831
7872
8046
8047
8052
8057
8173
8178
8183
8188
8224
8284
8419
8421
8431
8516
8536
8618
8621
8658
8660
8672
8677
8749
8754
8772
8849
8850
8945
8971
9048
9080
9081
9133
9143
9152
9153
9164
9211
9228
9236
9256
9259
9330
9373
9375
9392
9397
9404
9420
9429
